0 17
0 18
0 19
0 20
0 21
0 22
0 23
0 24
0 25
0 26
1 17
1 18
1 19
1 20
1 21
1 22
1 23
1 24
1 25
1 26
2 17
2 18
2 19
2 20
2 21
2 22
2 23
2 24
2 25
2 26
3 17
3 18
3 19
3 20
3 21
3 22
3 23
3 24
3 25
3 26
4 21
4 22
4 23
4 24
4 25
4 26
5 22
5 23
5 24
5 25
5 26
6 23
6 24
6 25
6 26
7 17
7 18
7 19
7 24
7 25
7 26
8 17
8 18
8 25
8 26
9 17
9 18
9 25
9 26
10 17
10 18
10 25
10 26
11 17
11 18
11 25
11 26
12 17
12 18
12 25
12 26
13 17
13 18
13 25
13 26
14 17
14 18
14 25
14 26
15 17
15 18
15 25
15 26
16 17
16 18
16 25
16 26
17 17
17 18
17 19
17 25
17 26
18 17
18 18
18 19
18 24
18 25
18 26
19 17
19 18
19 19
19 24
19 25
19 26
20 17
20 18
20 19
20 20
20 24
20 25
20 26
21 17
21 18
21 19
21 20
21 23
21 24
21 25
21 26
22 17
22 18
22 19
22 20
22 21
22 22
22 23
22 24
22 25
22 26
23 17
23 18
23 19
23 20
23 21
23 22
23 23
23 24
23 25
23 26
24 17
24 18
24 19
24 20
24 21
24 22
24 23
24 24
24 25
24 26
25 17
25 18
25 19
25 20
25 21
25 22
25 23
25 24
25 25
25 26
26 17
26 18
26 19
26 20
26 21
26 22
26 23
26 24
26 25
26 26
27 17
27 18
27 19
27 20
27 21
27 22
27 23
27 24
27 25
27 26
28 17
28 18
28 19
28 20
28 21
28 22
28 23
28 24
28 25
28 26
29 17
29 18
29 19
29 20
29 21
29 22
29 23
29 24
29 25
29 26
30 17
30 18
30 19
30 20
30 21
30 22
30 23
30 24
30 25
30 26
31 17
31 18
31 19
31 20
31 21
31 22
31 23
31 24
31 25
31 26
32 17
32 18
32 19
32 20
32 21
32 22
32 23
32 24
32 25
32 26
33 17
33 18
33 19
33 20
33 21
33 22
33 23
33 24
33 25
33 26
34 17
34 18
34 19
34 20
34 21
34 22
34 23
34 24
34 25
34 26
35 17
35 18
35 19
35 20
35 21
35 22
35 23
35 24
35 25
35 26
36 17
36 18
36 19
36 20
36 21
36 22
36 23
36 24
36 25
36 26
37 17
37 18
37 19
37 20
37 21
37 22
37 23
37 24
37 25
37 26
38 17
38 18
38 19
38 20
38 21
38 22
38 23
38 24
38 25
38 26
39 17
39 18
39 19
39 20
39 21
39 22
39 23
39 24
39 25
39 26
40 17
40 18
40 19
40 20
40 21
40 22
40 23
40 24
40 25
40 26
41 17
41 18
41 19
41 20
41 21
41 22
41 23
41 24
41 25
41 26
42 17
42 18
42 19
42 20
42 21
42 22
42 23
42 24
42 25
42 26
15 8
15 9
15 10
15 11
15 12
15 13
15 14
15 15
14 8
13 8
12 8
11 8
10 8
9 8
8 8
7 8
6 8
17 8
17 9
17 10
17 11
17 12
17 13
17 14
17 15
18 8
19 8
20 8
21 8
22 8
23 8
24 8
25 8
26 8
26 7
26 6
26 5
26 4
6 4
6 5
6 6
6 7
7 7
25 7
14 9
13 9
14 10
18 9
19 9
18 10
20 9
12 9
11 7
12 7
20 7
21 7
20 6
12 6
8 24
8 19
6 17
6 18
9 24
5 18
41 12
40 12
39 12
38 12
37 13
35 14
36 14
34 15
33 16
34 16
35 16
36 16
36 15
37 15
38 15
39 15
40 15
40 16
41 16
39 16
38 16
37 16
35 15
38 14
37 14
38 13
39 13
40 13
41 13
41 14
41 15
40 14
39 14
42 12
42 13
42 14
42 15
42 16
27 4
28 4
5 4
4 4
